X-n101-k25 100 25 206 27,591.00 yes
X-n106-k14 105 14 600 26,362.00 yes
X-n110-k13 109 13 66 14,971.00 yes
X-n115-k10 114 10 169 12,747.00 yes
X-n120-k6 119 6 21 13,332.00 yes
X-n125-k30 124 30 188 55,539.00 yes
X-n129-k18 128 18 39 28,940.00 yes
X-n134-k13 133 13 643 10,916.00 yes
X-n139-k10 138 10 106 13,590.00 yes
X-n143-k7 142 7 1190 15,700.00 yes
X-n148-k46 147 46 18 43,448.00 yes
X-n153-k22 152 22 144 21,220.00 yes
X-n157-k13 156 13 12 16,876.00 yes
X-n162-k11 161 11 1174 14,138.00 yes
X-n167-k10 166 10 133 20,557.00 yes
X-n172-k51 171 51 161 45,607.00 yes
X-n176-k26 175 26 142 47,812.00 yes
X-n181-k23 180 23 8 25,569.00 yes
X-n186-k15 185 15 974 24,145.00 yes
X-n190-k8 189 8 138 16,980.00 yes
X-n195-k51 194 51 181 44,225.00 yes
X-n200-k36 199 36 402 58,578.00 yes
X-n204-k19 203 19 836 19,565.00 yes
X-n209-k16 208 16 101 30,656.00 yes
X-n214-k11 213 11 944 10,856.00 yes
X-n219-k73 218 73 3 117,595.00 yes
X-n223-k34 222 34 37 40,437.00 yes
X-n228-k23 227 23 154 25,742.00 yes
X-n233-k16 232 16 631 19,230.00 yes
X-n237-k14 236 14 18 27,042.00 yes
X-n242-k48 241 48 28 82,751.00 yes
X-n247-k50 246 47 134 37,274.00 yes
X-n251-k28 250 28 69 38,684.00 yes
X-n256-k16 255 16 1225 18,839.00 yes
X-n261-k13 260 13 1081 26,558.00 yes
X-n266-k58 265 58 35 75,478.00 yes
X-n270-k35 269 35 585 35,291.00 yes
X-n275-k28 274 28 10 21,245.00 yes
X-n280-k17 279 17 192 33,503.00 no
X-n284-k15 283 15 109 20,215.00 yes
X-n289-k60 288 60 267 95,151.00 yes
X-n294-k50 293 50 285 47,161.00 yes
X-n298-k31 297 31 55 34,231.00 yes
X-n303-k21 302 21 794 21,736.00 no
X-n308-k13 307 13 246 25,859.00 no
X-n313-k71 312 71 248 94,043.00 yes
X-n317-k53 316 53 6 78,355.00 yes
X-n322-k28 321 28 868 29,834.00 yes
X-n327-k20 326 20 128 27,532.00 no
X-n331-k15 330 15 23 31,102.00 yes
X-n336-k84 335 84 203 139,111.00 no
X-n344-k43 343 43 61 42,050.00 yes
X-n351-k40 350 40 436 25,896.00 yes
X-n359-k29 358 29 68 51,505.00 yes
X-n367-k17 366 17 218 22,814.00 yes
X-n376-k94 375 94 4 147,713.00 yes
X-n384-k52 383 52 564 65,928.00 yes
X-n393-k38 392 38 78 38,260.00 yes
X-n401-k29 400 29 745 66,154.00 no
X-n411-k19 410 19 216 19,712.00 no
X-n420-k130 419 130 18 107,798.00 yes
X-n429-k61 428 61 536 65,449.00 no
X-n439-k37 438 37 12 36,391.00 yes
X-n449-k29 448 29 777 55,233.00 no
X-n459-k26 458 26 1106 24,139.00 no
X-n469-k138 468 138 256 221,824.00 yes
X-n480-k70 479 70 52 89,449.00 no
X-n491-k59 490 59 428 66,483.00 no
X-n502-k39 501 39 13 69,226.00 no
X-n513-k21 512 21 142 24,201.00 no
X-n524-k153 523 137 125 154,593.00 yes
X-n536-k96 535 96 371 94,840.00 no
X-n548-k50 547 50 11 86,700.00 yes
X-n561-k42 560 42 74 42,717.00 no
X-n573-k30 572 30 210 50,673.00 no
X-n586-k159 585 159 28 190,316.00 no
X-n599-k92 598 92 487 108,451.00 no
X-n613-k62 612 62 523 59,535.00 no
X-n627-k43 626 43 110 62,164.00 no
X-n641-k35 640 35 1381 63,682.00 no
X-n655-k131 654 131 5 106,780.00 yes
X-n670-k130 669 126 129 146,332.00 yes
X-n685-k75 684 75 408 68,205.00 no
X-n701-k44 700 44 87 81,923.00 no
X-n716-k35 715 35 1007 43,350.00 no
X-n733-k159 732 159 25 136,187.00 no
X-n749-k98 748 98 396 77,269.00 no
X-n766-k71 765 71 166 114,417.00 no
X-n783-k48 782 48 832 72,386.00 no
X-n801-k40 800 40 20 73,305.00 no
X-n819-k171 818 171 358 158,121.00 no
X-n837-k142 836 142 44 193,737.00 no
X-n856-k95 855 95 9 88,965.00 yes
X-n876-k59 875 59 764 99,299.00 no
X-n895-k37 894 37 1816 53,860.00 no
X-n916-k207 915 207 33 329,179.00 no
X-n936-k151 935 151 138 132,715.00 no
X-n957-k87 956 87 11 85,465.00 no
X-n979-k58 978 58 998 118,940.00 no
X-n1001-k43 1000 43 131 72,346.00 no
